Player,KDA,Avg kills,Avg deaths,Avg assists,CSM,GPM*,%Dmg,Avg DPM,VSPM,Avg WPM,Avg WCPM,Avg VWPM,GD@15,CSD@15,XPD@15
ADD,1.9,1.2,2.6,3.8,8.8,383,26.9,503,1.50,0.80,0.25,0.22,21,-4,-178
Aiming,6.1,4.7,1.4,4,11.2,472,29.4,530,1.75,0.56,0.68,0.23,-117,-7,-159
Ambition,2.2,1.1,2.4,4.2,5.7,320,9.6,171,2.45,1.21,0.65,0.33,-28,2,139
Bang,9.6,3,0.8,4.3,11,449,34.2,650,1.47,0.55,0.35,0.14,-58,1,54
Bdd,7.6,3.3,1.2,5.9,10.1,440,23.6,484,1.16,0.67,0.24,0.15,151,5,188
Beyond,1.9,1.1,3,4.5,5.1,305,9.5,179,2.70,1.37,0.65,0.39,14,1,90
blank,4.1,1,1.7,5.8,4.8,305,9.3,168,3.35,1.70,0.71,0.47,-207,-3,-180
Blossom,2.4,1.4,3.2,6.1,5.3,322,8.6,169,3.15,1.64,0.70,0.30,-297,-3,-271
bono,2.8,1,2.3,5.3,5.3,316,11.9,218,3.37,1.67,0.72,0.27,20,-4,69
CoreJJ,3.6,0.5,1.6,5.3,2,257,7.0,122,2.56,1.48,0.47,0.47,-80,-2,-227
Crazy,3.3,1.8,1.6,3.5,9,389,26.4,434,1.26,0.69,0.25,0.17,60,7,157
Crown,2.4,1.7,2.3,3.8,9.5,386,27.8,491,1.36,0.70,0.33,0.29,-96,3,28
CuVee,2.2,1.5,2.3,3.3,9.2,393,24.5,441,1.28,0.65,0.23,0.21,-212,-7,-100
Cuzz,4.2,2.6,1.8,5,5.9,370,10.7,226,4.19,1.96,0.84,0.38,312,11,57
Deft,5,2.9,1.4,4.1,10.8,454,33.0,653,1.46,0.54,0.46,0.16,416,7,244
Edge,2.6,2.3,2.1,3.1,9.4,377,27.8,444,0.97,0.58,0.24,0.20,-114,-2,-15
Effort,5.6,0.5,1.6,8.3,2.2,280,7.3,143,2.46,1.39,0.42,0.47,-114,-4,-11
Faker,4.3,3.1,1.8,4.6,10.3,426,29.6,548,1.30,0.61,0.33,0.13,-39,1,68
Ghost,3.4,2.5,1.7,3.3,10.2,415,26.2,445,1.31,0.46,0.47,0.15,-288,-8,-141
GorillA,5,0.4,1.7,8.1,2.2,281,6.7,139,2.39,1.51,0.40,0.49,-19,3,42
Grace,3.9,2.8,1.8,4.4,10,408,29.2,545,1.02,0.55,0.24,0.13,-202,-1,-131
Haru,2,1.5,2.3,3.1,6,331,10.5,187,2.65,1.32,0.55,0.26,-17,5,163
Ian,3,2.2,1.9,3.4,9.7,394,27.6,525,1.25,0.65,0.37,0.21,16,2,-155
IgNar,4.2,0.5,1.5,5.6,2.2,260,5.3,89,2.73,1.74,0.50,0.55,-27,-1,-82
Justice,4.2,2.1,1.6,4.6,9,371,21.4,387,1.28,0.75,0.42,0.34,-196,-16,-287
KeY,3.1,0.5,2.2,6.2,2.1,269,7.1,130,2.57,1.51,0.45,0.46,128,2,107
Khan,5.9,2.8,1.3,5.1,10.1,458,27.4,570,1.57,0.81,0.29,0.22,279,6,165
Kiin,3.9,1.7,1.4,3.7,9.9,424,24.0,425,1.24,0.67,0.24,0.15,27,4,113
Kramer,7.9,2.5,0.9,4.2,11.2,462,30.9,547,1.77,0.59,0.62,0.19,192,1,76
kurO,5.4,2.8,1.3,4.4,10.1,427,28.3,505,1.57,0.73,0.42,0.21,-19,-3,-14
Kuzan,0.1,0,3.5,0.5,9,355,26.6,365,1.26,0.64,0.38,0.21,-300,-5,-676
Lava,3.7,3.3,2,4.1,9.4,406,30.7,565,1.21,0.61,0.30,0.14,175,-2,122
Lindarang,2.8,1.7,2,4.1,8.5,386,23.3,418,1.10,0.63,0.15,0.10,69,-5,-170
MaHa,2,1.3,2.1,2.8,9.7,389,27.7,529,1.02,0.44,0.32,0.12,-164,-7,-428
Mata,6.2,0.6,1.2,6.7,2.2,268,6.5,122,2.70,1.72,0.48,0.61,79,0,-118
Max,2.3,0.6,2.5,5,2.1,265,7.5,143,2.23,1.30,0.36,0.26,113,-1,203
Mightybear,1.3,0,2,2.5,4.4,274,9.5,128,2.92,1.40,0.50,0.23,-308,-10,-838
Mowgli,8.3,1.6,1,6.7,5.3,333,10.0,174,2.22,1.16,0.53,0.52,4,-3,205
PawN,4.5,2.6,1.6,4.8,10,419,26.0,512,1.31,0.63,0.38,0.22,11,-3,-94
Peanut,8.5,2.6,1.2,7.4,6.3,378,12.8,255,3.20,1.65,0.66,0.27,303,7,239
Pilot,5.5,3.2,1.2,3.5,10.8,440,29.1,584,1.39,0.41,0.40,0.07,-308,-8,-263
PraY,8.2,3.5,1.1,5.2,10.4,460,30.6,633,1.38,0.51,0.43,0.11,293,5,194
Raise,1.8,1,3.1,4.5,4.6,291,10.9,175,2.59,1.42,0.53,0.39,-264,-8,-316
Rascal,4.1,2.6,1.4,3.3,9.2,424,22.2,410,1.03,0.64,0.18,0.18,575,4,109
Roach,1.7,1.3,2.3,2.5,9.1,369,22.3,346,1.14,0.65,0.20,0.19,-312,-1,-57
Ruler,3.2,2.6,1.7,2.8,11,437,30.8,556,1.59,0.45,0.64,0.19,8,3,185
Rush,5,0.5,1.5,7,4.9,315,5.4,114,1.90,0.68,0.56,0.20,112,-2,-501
Sangyoon,4,2.6,1.6,3.8,11,445,28.1,520,1.22,0.35,0.42,0.08,-133,-1,-73
Score,4.4,1.5,1.7,6,5.4,331,9.9,186,2.90,1.40,0.61,0.31,89,-0,10
Secret,2,0.8,2.5,4.2,2.1,244,7.3,112,2.18,1.47,0.37,0.43,-144,0,47
SeongHwan,3.3,1.2,2.2,6.2,4.9,314,11.1,203,3.06,1.61,0.55,0.34,-21,-4,-285
Smeb,3.9,2.3,1.7,4.3,9.3,414,25.1,481,1.31,0.68,0.24,0.13,208,3,108
SoHwan,3.1,1.3,1.8,4,9.1,384,21.4,383,1.17,0.65,0.17,0.12,48,7,130
Spirit,4.3,1.5,1.5,5,5.8,343,9.7,171,3.78,1.97,0.80,0.45,129,5,184
SSol,2.9,1.9,1.8,3.4,10.1,402,31.9,521,1.28,0.45,0.46,0.14,-111,-4,-303
Teddy,5.4,3.9,1.5,3.9,11.6,465,34.7,672,1.40,0.43,0.52,0.12,11,5,100
Tempt,3.8,2.5,1.6,3.7,10,407,31.8,527,1.21,0.63,0.28,0.20,45,1,-52
Thal,3.6,1.3,1.6,4.7,9.1,411,24.2,489,1.22,0.67,0.20,0.16,-83,-8,-114
Trick,2.8,1.4,2.3,5,5.1,314,10.0,166,2.42,1.24,0.50,0.28,-39,-4,135
TusiN,4,0.3,1.7,6.6,2.2,277,7.4,130,2.51,1.72,0.39,0.50,76,-2,39
U Jun,1.9,0.5,2.5,4.1,4.5,273,10.0,152,2.52,1.23,0.56,0.32,-229,-7,-294
Ucal,6.1,2.3,1.1,4.3,10.3,425,25.1,445,1.09,0.56,0.15,0.19,363,7,319
UmTi,3,1.5,2.4,5.7,5.2,314,10.2,193,3.10,1.62,0.65,0.29,114,4,117
Untara,2.3,1.3,2,3.3,8.8,375,16.6,275,1.28,0.68,0.24,0.15,-373,-8,-176
Wolf,3.6,0.9,1.8,5.7,2.1,257,6.2,112,2.29,1.29,0.45,0.42,76,6,275
Wolf,4.1,3,2.5,7.3,5,341,8.1,177,3.70,1.72,0.90,0.23,-238,3,-142
Wraith,3.7,0.5,2,7,1.6,245,5.9,107,2.23,1.39,0.32,0.38,-121,-2,-152
