Player,KDA,Avg kills,Avg deaths,Avg assists,CSM,GPM*,%Dmg,Avg DPM,Avg WPM,Avg WCPM,Avg VWPM
Khan,5.9,2.8,1.3,5.1,10.1,458,27.4,570,0.81,0.29,0.22
Peanut,8.5,2.6,1.2,7.4,6.3,378,12.8,255,1.65,0.66,0.27
Bdd,7.6,3.3,1.2,5.9,10.1,440,23.6,484,0.67,0.24,0.15
PraY,8.2,3.5,1.1,5.2,10.4,460,30.6,633,0.51,0.43,0.11
GorillA,5,0.4,1.7,8.1,2.2,281,6.7,139,1.51,0.40,0.49
Kiin,3.9,1.7,1.4,3.7,9.9,424,24.0,425,0.67,0.24,0.15
Spirit,4.3,1.5,1.5,5,5.8,343,9.7,171,1.97,0.80,0.45
kurO,5.4,2.8,1.3,4.4,10.1,427,28.3,505,0.73,0.42,0.21
Kramer,7.9,2.5,0.9,4.2,11.2,462,30.9,547,0.59,0.62,0.19
TusiN,4,0.3,1.7,6.6,2.2,277,7.4,130,1.72,0.39,0.50
Smeb,3.9,2.3,1.7,4.3,9.3,414,25.1,481,0.68,0.24,0.13
Score,4.4,1.5,1.7,6,5.4,331,9.9,186,1.40,0.61,0.31
PawN,4.5,2.6,1.6,4.8,10,419,26.0,512,0.63,0.38,0.22
Deft,5,2.9,1.4,4.1,10.8,454,33.0,653,0.54,0.46,0.16
Mata,6.2,0.6,1.2,6.7,2.2,268,6.5,122,1.72,0.48,0.61
Thal,3.6,1.3,1.6,4.7,9.1,411,24.2,489,0.67,0.20,0.16
blank,4.1,1,1.7,5.8,4.8,305,9.3,168,1.70,0.71,0.47
Faker,4.3,3.1,1.8,4.6,10.3,426,29.6,548,0.61,0.33,0.13
Bang,9.6,3,0.8,4.3,11,449,34.2,650,0.55,0.35,0.14
Wolf,3.6,0.9,1.8,5.7,2.1,257,6.2,112,1.29,0.45,0.42
CuVee,2.2,1.5,2.3,3.3,9.2,393,24.5,441,0.65,0.23,0.21
Ambition,2.2,1.1,2.4,4.2,5.7,320,9.6,171,1.21,0.65,0.33
Crown,2.4,1.7,2.3,3.8,9.5,386,27.8,491,0.70,0.33,0.29
Ruler,3.2,2.6,1.7,2.8,11,437,30.8,556,0.45,0.64,0.19
CoreJJ,3.6,0.5,1.6,5.3,2,257,7.0,122,1.48,0.47,0.47
Lindarang,2.8,1.7,2,4.1,8.5,386,23.3,418,0.63,0.15,0.10
SeongHwan,3.3,1.2,2.2,6.2,4.9,314,11.1,203,1.61,0.55,0.34
Lava,3.7,3.3,2,4.1,9.4,406,30.7,565,0.61,0.30,0.14
Sangyoon,4,2.6,1.6,3.8,11,445,28.1,520,0.35,0.42,0.08
KeY,3.1,0.5,2.2,6.2,2.1,269,7.1,130,1.51,0.45,0.46
