Player,KDA,Avg kills,Avg deaths,Avg assists,CSM,GPM*,%Dmg,Avg DPM,Avg WPM,Avg WCPM,Avg VWPM
sOAZ,2.5,1.8,2.7,5,8.2,381,18.7,366,0.57,0.16,0.14
Broxah,6.5,1.1,1.3,7.6,4.8,324,7.6,152,1.44,0.39,0.32
Caps,4.3,3.5,1.8,4.3,10.1,437,32.6,659,0.46,0.29,0.10
Rekkles,13.5,4.9,0.7,4.9,12,502,33.5,674,0.34,0.60,0.08
Hylissang,3.7,0.6,2.3,8,1.4,267,6.9,136,1.48,0.26,0.53
Wunder,5.9,2.7,1.4,5.7,9.4,425,26.3,553,0.63,0.18,0.12
Jankos,5.9,1.6,1.5,7.5,5,319,9.8,212,1.54,0.72,0.38
Perkz,4.7,3.4,1.9,5.4,10.2,428,30.7,650,0.42,0.33,0.11
Hjarnan,4.5,3.1,1.9,5.4,10.4,442,28.1,612,0.38,0.41,0.07
Wadid,4.4,0.4,1.9,8.2,1.7,249,5.1,113,1.70,0.37,0.60
Odoamne,2.3,2.4,2.7,3.8,8.4,383,25.6,429,0.61,0.21,0.16
Xerxe,7.1,1.3,1.1,6.2,4.6,311,9.1,154,1.15,0.51,0.33
Nisqy,3.9,2.4,1.6,3.8,9.8,410,25.2,429,0.57,0.27,0.21
Kobbe,5,3,1.3,3.5,10.6,439,33.3,580,0.35,0.49,0.08
KaSing,4.7,0.5,1.4,6.2,1.3,251,6.9,117,1.51,0.34,0.50
Cabochard,3.3,1.8,2,4.7,9,405,22.4,424,0.68,0.14,0.20
Gilius,2.5,0.8,2.5,5.5,4.7,303,9.1,171,1.30,0.61,0.24
Jiizuke,3.4,3.6,2.1,3.6,9.9,422,31.8,611,0.63,0.26,0.14
Minitroupax,4,3.2,1.6,3.1,11,446,30.4,600,0.41,0.56,0.09
jactroll,2.2,0.4,2.7,5.4,1.5,244,6.3,115,1.53,0.22,0.52
SmittyJ,1.8,1.4,3.1,4.1,8.7,380,25.9,454,0.52,0.18,0.09
Shook,2.8,0.9,2.5,6,4.2,290,8.3,185,0.77,0.29,0.19
Selfie,4.2,2.4,1.7,4.5,10.5,422,24.4,525,0.41,0.30,0.13
Sheriff,4.2,2.6,1.4,3.3,10.3,417,33.3,652,0.46,0.43,0.24
Promisq,2.4,0.3,2.3,5.2,1.7,244,6.6,121,1.87,0.48,0.51
Profit,3.1,1.4,1.8,4.2,8.8,375,19.7,367,0.59,0.15,0.09
Memento,3.3,1.3,2,5.4,4.9,314,9.8,187,1.38,0.53,0.40
Blanc,4.8,3.3,1.5,3.9,10.2,423,29.2,553,0.56,0.25,0.24
HeaQ,4,2.2,1.7,4.4,10.1,422,33.5,636,0.59,0.37,0.20
Norskeren,3.5,0.7,2,6.3,2,263,7.7,145,1.60,0.47,0.60
