Player,KDA,Avg kills,Avg deaths,Avg assists,CSM,GPM*,%Dmg,Avg DPM,Avg WPM,Avg WCPM,Avg VWPM
Hanabi,7.1,2.3,1.1,5.4,8.8,423,22.7,473,0.76,0.22,0.23
MooJin,8.2,1.9,1,6.6,5.8,358,11.3,236,1.89,0.56,0.36
Maple,8.6,4,1.1,5.2,10,440,27.5,577,0.76,0.32,0.24
Betty,9.8,3.9,1,5.5,10.5,468,32.1,664,0.44,0.42,0.13
SwordArt,8.7,0.7,1,8.3,1.7,276,7.2,153,1.33,0.33,0.37
Pk,3.9,2.5,2.1,5.7,8.6,395,24.6,465,0.57,0.21,0.12
baybay,5.1,1.7,1.9,7.9,4.9,322,10.6,214,1.64,0.57,0.48
Candy,4.2,2.6,1.8,4.9,9.7,410,25.0,473,0.65,0.28,0.19
Stitch,7.7,4,1.2,5.4,11.5,478,34.6,672,0.41,0.50,0.14
Koala,4.8,0.7,1.8,7.8,1.6,263,7.1,135,1.49,0.27,0.45
3z,2.9,1.8,1.9,3.9,9.1,410,24.6,505,0.51,0.16,0.08
Move,2.9,1.5,2.4,5.3,4.8,309,9.3,196,1.61,0.85,0.34
Apex,4.7,2.5,1.4,4.2,9.5,404,24.1,504,0.67,0.33,0.27
Deul,4.6,4,1.6,3.5,10.5,444,34.7,733,0.36,0.41,0.07
Dreamer,2.7,0.5,2.6,6.5,1.8,256,7.2,148,1.32,0.33,0.40
Ziv,2.9,1.8,2,4.2,9,394,27.1,494,0.68,0.23,0.12
Mountain,3.1,1.3,2.2,5.6,5.2,316,8.6,158,1.21,0.63,0.31
Wako,4.3,2.6,1.7,4.5,10.1,413,27.3,506,0.67,0.46,0.23
An,5.4,3.5,1.4,4,10.8,446,32.8,647,0.48,0.57,0.14
Albis,2.2,0.3,3,6.4,1.7,240,7.0,129,1.50,0.51,0.48
Liang,2.5,2.2,2.3,3.4,8.7,382,23.0,420,0.54,0.16,0.10
Benny,3.3,0.8,2.5,7.2,4.6,299,8.8,161,1.34,0.52,0.39
Uniboy,3.7,2.8,1.8,3.8,9.5,398,26.7,487,0.59,0.30,0.18
Breeze,4.2,3.3,1.6,3.4,10.3,433,33.8,652,0.41,0.49,0.07
K,3.4,0.4,2,6.4,1.9,252,7.5,130,1.83,0.37,0.62
Rest,3.5,1.5,1.8,4.7,8.5,384,25.3,485,0.58,0.10,0.07
Hana,0,0,5,0,2,203,4.5,74,1.56,0.21,0.35
FoFo,4.5,3,1.5,4,9.8,406,28.8,553,0.52,0.26,0.14
LilV,3.8,3.3,1.9,3.9,10.5,437,30.0,565,0.34,0.41,0.07
Ysera,2.6,0.5,2.6,6.5,1.8,254,6.8,129,1.30,0.27,0.38
