Player,KDA,Avg kills,Avg deaths,Avg assists,CSM,GPM*,%Dmg,Avg DPM,Avg WPM,Avg WCPM,Avg VWPM
TheShy,3.7,2.9,2.2,5.3,9,445,25.1,595,0.63,0.14,0.08
Ning,6,2.8,1.8,8.3,5.4,367,10.8,254,1.25,0.44,0.38
RooKie,6.1,4.2,1.8,7.1,9.3,447,27.2,649,0.41,0.26,0.23
JackeyLove,5,5,2.1,5.6,10.3,481,30.2,719,0.36,0.44,0.08
Baolan,6.6,0.9,1.7,10.2,2.3,303,7.8,185,1.52,0.32,0.54
Mouse,4.1,2,1.7,5,8.5,397,20.5,399,0.54,0.14,0.11
Flawless,4,2.3,2,5.9,5,335,11.8,234,1.77,0.57,0.44
Doinb,4.3,2.4,2.1,6.8,9.9,433,26.5,529,0.47,0.36,0.14
SmLz,4.5,4.4,2,4.5,10.5,464,32.7,675,0.30,0.43,0.05
killua,3.8,0.9,2.4,8.1,2.1,281,8.5,168,1.42,0.27,0.43
ray,3.4,1.7,1.8,4.4,8.2,378,20.9,389,0.62,0.19,0.18
Haro,3.8,1.3,1.9,6,4.7,315,9.0,163,1.41,0.47,0.40
Scout,4.7,3.4,1.7,4.7,10.2,439,28.5,529,0.48,0.27,0.18
iBOY,5.7,3.6,1.5,5,10.6,463,33.2,617,0.41,0.59,0.08
meiko,4.6,0.8,1.8,7.3,2.1,282,8.6,156,1.45,0.25,0.47
LetMe,3.6,1.9,2,5.2,8.6,392,21.8,397,0.52,0.14,0.10
Karsa,4.2,2.2,2,6,5.2,334,12.3,238,1.35,0.55,0.37
xiaohu,4,3.1,2,5.1,9.7,418,27.3,505,0.38,0.32,0.16
Uzi,5.6,4.3,1.6,4.9,11.3,479,32.3,657,0.43,0.49,0.08
Ming,4,0.6,2.1,7.8,1.9,270,7.7,139,1.58,0.36,0.52
AmazingJ,4.3,2.7,1.9,5.7,8.4,405,25.3,511,0.59,0.17,0.10
Sks,3.4,1.5,2.1,5.6,5.3,329,9.3,195,1.63,0.47,0.41
Athena,4.1,2.6,1.7,4.5,9.7,405,27.7,562,0.51,0.38,0.19
jinjiao,4.9,3.7,1.7,4.8,9.6,425,29.4,621,0.36,0.42,0.09
road,3.5,0.5,2.5,8.3,2.2,286,8.6,176,1.35,0.46,0.39
Flandre,3.3,2.5,2.2,5,9.9,446,29.0,551,0.52,0.20,0.04
SofM,3.4,1.4,2.4,6.7,5.2,325,9.7,184,2.15,0.70,0.53
Guoguo,4.7,3.6,1.7,4.6,9.6,413,24.3,471,0.55,0.24,0.17
kRYST4L,3.8,3,2.1,5.1,10.2,442,30.3,595,0.36,0.44,0.09
Hudie,3.5,0.6,2.1,6.7,2.1,266,6.8,127,1.57,0.30,0.45
