Player,KDA,Avg kills,Avg deaths,Avg assists,CSM,GPM*,%Dmg,Avg DPM,Avg WPM,Avg WCPM,Avg VWPM
ssumday,3.9,1.9,1.7,4.9,8.7,390,21.6,381,0.63,0.29,0.17
Meteos,4.9,1.3,1.6,6.4,5,319,8.5,156,1.21,0.47,0.26
Ryu,4.1,2.3,1.7,4.7,9.3,399,27.1,494,0.66,0.35,0.22
Cody Sun,8.2,4.2,1.1,4.5,10.2,446,35.9,684,0.41,0.37,0.11
Aphromoo,3.5,0.5,2.1,6.9,1.6,254,6.9,130,1.15,0.32,0.38
Hauntzer,3.3,2.5,2.2,4.7,9.6,433,26.8,539,0.64,0.18,0.12
MikeYeung,4.2,1.4,1.9,6.6,5,327,8.7,181,1.19,0.35,0.34
Bjergsen,8.5,3.6,1,4.9,10.2,435,30.1,603,0.39,0.18,0.14
Zven,8.8,2.9,0.9,5.1,10.1,442,28.4,596,0.44,0.43,0.08
Mithy,4.3,0.7,1.8,6.9,2,265,6.0,121,1.61,0.28,0.43
Huni,3.1,2.7,2.8,5.9,9.8,435,27.3,601,0.52,0.21,0.10
Dardoch,4.7,2.1,2,7.3,5,327,11.6,250,0.88,0.46,0.23
FeniX,5.7,4.1,1.6,5.2,9.8,428,29.7,656,0.36,0.25,0.10
Altec,4.4,3.7,2.2,5.8,9.9,433,25.3,571,0.38,0.44,0.09
Adrian,4.2,0.4,2.4,9.4,1.8,258,7.2,151,1.65,0.32,0.44
Impact,3.6,1.9,1.8,4.5,8.5,387,24.0,424,0.59,0.13,0.15
Xmithie,4,1.2,1.8,5.8,5.8,336,10.6,192,1.27,0.46,0.33
Pobelter,3.9,2.8,1.9,4.4,10.6,439,29.0,515,0.58,0.37,0.22
Doublelift,6.5,3,1.1,4.2,10.5,440,28.5,527,0.45,0.45,0.12
Olleh,3.7,0.7,1.9,6.2,1.9,264,8.0,142,1.56,0.43,0.51
Licorice,2.9,2.9,2.5,4.2,9.2,411,25.5,536,0.69,0.22,0.16
Svenskeren,3.2,1.7,2.7,6.8,5.3,335,10.4,217,1.35,0.44,0.24
Jensen,7,3.5,1.2,5,10.3,433,27.9,577,0.38,0.24,0.15
Sneaky,4.2,2.6,1.9,5.3,10.2,432,30.5,645,0.38,0.49,0.12
Smoothie,3.7,0.6,2.3,7.9,1.3,250,5.7,116,1.37,0.28,0.46
solo,2.8,1.4,1.8,3.5,8.9,390,26.4,461,0.62,0.17,0.15
Lira,3.5,1.1,1.7,4.8,5.4,322,10.4,173,1.17,0.48,0.37
Febiven,7.3,3.2,0.9,3.4,9.9,418,26.5,474,0.46,0.22,0.17
Apollo,4.2,2.3,1.6,4.2,9.8,411,26.7,484,0.44,0.42,0.16
Hakuho,4.2,0.6,1.6,6.2,1.6,260,10.0,161,1.40,0.47,0.42
